19		4-chlorophenol	-5	1.08	0.67	0.2	66	0.92	2.39	-1.31	-0.12
20		m-cresol	-5.38	0.88	0.57	0.34	67.6	0.82	1.96		
21		o-cresol	~5.36	0.86	0.52	0.3	67.6	0.84	1.95		
22		p-cresol	-5.29	0.87	0.57	0.31	67.6	0.82	1.96		
23		4-bromophenol	-5	1.17	0.67	0.2	70	1.08	2.59	-0.11	-0.2
24		4-nitrophenol	~-5.81	1.72	0.82	0.26	71	1.07	1.96	-2	-2.15
25		3-nitrophenol	-5.81	1.57	0.79	0.23	71	1.05	2	-1.4	-1.23
26		2-nitrophenol	-4.56	1.05	0.05	0.37	71	1.02	1.8	-1.4	1.04
27		ethylbenzene	-3.48	0.51	0	0.15	72.3	0.6	3.15		
28		n-hexanol	-5.45	0.42	0.37	0.48	72.9	0.21	2.03	0.11	0.45
29		n-hexanoic acid	-5.44	0.6	0.6	0.45	74.3	0.17	1.89	-0.85	0.24
30		8-naphthol	-5.11	1.08	0.61	0.4	79.5	1.52	2.84	1.77	0.3
31		n-heptanol	-5.05	0.42	0.37	0.48	83.1	0.21	2.49	0.77	1.01
32		n-heptanoic acid	-5.28	0.6	0.6	0.45	84.6	0.15	2.33	-0.29	1.16
33		n-octanol	-4.84	0.42	0.37	0.48	93.3	0.2	3.15	1.62	1.65
34		n-octanoic acid	-5.21	0.6	0.6	0.45	94.8	0.15	2.83	0.41	1.95
35		n-nonanol	-4.77	0.42	0.37	0.48	104	0.19	3.68	1.97	2.28
36		n-decanol	-4.66	0.42	0.37	0.48	114	0.19	4.24	2.56	2.91